-0.29781157        -0.85714918         0.42024237
-0.40899941        -0.79194146         0.45337421
-0.51119345        -0.79235512         0.33294824
-0.43369585        -0.87413657         0.21861652
-0.29324433        -0.90634722         0.30420807
 0.19810326         0.81700808         0.54152834
 0.16334599         0.75717932         0.63245356
 0.24588837         0.67127204         0.69923735
 0.36170503         0.65867621         0.65978408
 0.40706640         0.71832883         0.56418133
 0.32251048         0.80750602         0.49388358
-0.58195990         0.80747145         0.09650142
-0.55791104         0.82969105        -0.01865570
-0.64246732         0.75742066        -0.11640283
-0.73965675         0.67251450        -0.02514201
-0.70386577         0.70152122         0.11153878
-0.32680798        -0.69652557        -0.63878685
-0.27832305        -0.61000580        -0.74190903
-0.21211460        -0.60615695        -0.76653838
-0.08762943        -0.69083881        -0.71767879
-0.09384189        -0.75541008        -0.64849776
-0.20385118        -0.78245622        -0.58839351
 0.30098537         0.31947121        -0.89852434
 0.16766353         0.34837502        -0.92223847
 0.12985486         0.47684878        -0.86934048
 0.26059756         0.52973711        -0.80713546
 0.36031535         0.43730903        -0.82397431
 0.35258594         0.84845084         0.39473328
 0.25621554         0.91547853         0.31024602
 0.13635007         0.92435497         0.35633770
 0.10526382         0.88129294         0.46069753
 0.75787634         0.47099394        -0.45142901
 0.81186950         0.43514439        -0.38925216
 0.86961073         0.30484417        -0.38839045
 0.85425341         0.23336129        -0.46453598
 0.78657675         0.25533983        -0.56222647
 0.72362322         0.38387117        -0.57359600
-0.21627869        -0.84336883        -0.49188662
-0.31441826        -0.84560454        -0.43138638
-0.43474585        -0.76213992        -0.47972786
-0.39836866        -0.69417381        -0.59952074
-0.89052784        -0.19777989         0.40968671
-0.81340975        -0.28324154         0.50807375
-0.76619530        -0.22597697         0.60156387
-0.78827935        -0.08572588         0.60931659
-0.85150898        -0.02420773         0.52378094
-0.90026355        -0.08250413         0.42745593
-0.15090743        -0.50666583        -0.84883255
-0.20488994        -0.41754901        -0.88525301
-0.14043643        -0.32176992        -0.93634492
 0.00308351        -0.33820739        -0.94106650
 0.04081582        -0.46852577        -0.88250649
-0.01196275        -0.51960862        -0.85432059
 0.10720468        -0.31883654         0.94172740
 0.22465833        -0.24368630         0.94347531
 0.23046178        -0.14910091         0.96159053
 0.10290280        -0.07210915         0.99207419
 0.00187550        -0.12839088         0.99172187
-0.00444470        -0.25473428         0.96700084
 0.13823155        -0.93271899         0.33305728
 0.01079089        -0.96287793         0.26972148
 0.01824029        -0.99036741         0.13725752
 0.10877615        -0.99061942         0.08271010
 0.23847337        -0.96019065         0.14547943
 0.23045626        -0.93346715         0.27482551
 0.64761555        -0.03993667        -0.76091987
 0.73357844        -0.05815129        -0.67711234
 0.75601679        -0.18563934        -0.62767559
 0.68286562        -0.27797836        -0.67559063
 0.60153461        -0.26469263        -0.75371999
 0.58186132        -0.12945135        -0.80291951
-0.05097721         0.79722947         0.60152012
-0.02048258         0.86818779         0.49581292
-0.11501634         0.90379834         0.41221327
-0.23506980         0.86701530         0.43934789
-0.26142362         0.79870331         0.54196930
-0.17329656         0.76656616         0.61834013
 0.35505027        -0.87373382         0.33245832
 0.34909403        -0.82752883         0.43969235
 0.24351928        -0.82549644         0.50917000
 0.12882008        -0.88241869         0.45248508
 0.39728326        -0.91265160        -0.09608854
 0.39798522        -0.88427818        -0.24425337
 0.51476955        -0.81364655        -0.27016979
 0.59181094        -0.79284787        -0.14543745
 0.51354963        -0.85702676        -0.04209198
 0.65458673         0.40533715        -0.63813645
 0.57517439         0.52007729        -0.63142216
 0.59877074         0.60527962        -0.52450949
 0.69936371         0.56096864        -0.44294989
 0.48884180        -0.47891438         0.72916025
 0.53634322        -0.58087760         0.61230481
 0.62453127        -0.55743915         0.54701209
 0.69738740        -0.43661743         0.56834501
 0.66911638        -0.37401682         0.64217967
 0.55380815        -0.39334399         0.73387808
 0.78826600         0.03864722        -0.61411971
 0.85978419         0.01692057        -0.51037717
 0.87506640        -0.09969562        -0.47362381
 0.81938696        -0.19993082        -0.53724539
 0.74839824         0.16529168        -0.64232284
 0.66854662         0.18353482        -0.72066665
 0.60543281         0.30879566        -0.73355043
 0.68935418        -0.40828547        -0.59840947
 0.56577224        -0.50438440        -0.65230221
 0.52961057        -0.48707223        -0.69445902
 0.53360665        -0.33202168        -0.77783388
-0.11207446        -0.30964389         0.94422448
-0.11313875        -0.43561682         0.89299363
-0.01249994        -0.49027744         0.87147677
 0.10813253        -0.43190819         0.89541203
-0.08219797        -0.94338167         0.32136333
-0.20882328        -0.94448864         0.25364161
-0.20681360        -0.96952891         0.13130812
-0.10844282        -0.99159157         0.07061426
 0.95253587        -0.25625893        -0.16433705
 0.92342907        -0.22177678        -0.31319952
 0.92858970        -0.12695058        -0.34871882
 0.95991200        -0.02791646        -0.27890810
 0.98612392        -0.04580241        -0.15956719
 0.97516739        -0.19696380        -0.10126060
 0.52542233         0.32266942        -0.78728384
 0.44242585         0.43607891        -0.78364193
 0.48346344         0.53019178        -0.69653410
 0.99613750         0.04825763        -0.07335828
 0.99892402         0.02147897         0.04110396
 0.99338472        -0.08243264         0.07994784
 0.97917688        -0.20206952        -0.01950701
-0.80022705         0.56556988         0.19941762
-0.85295045         0.51096606         0.10671953
-0.91526258         0.38384375         0.12230400
-0.91929716         0.33101323         0.21289207
-0.86973715         0.37653911         0.31902277
-0.80605567         0.50364214         0.31083581
 0.13081570         0.96515322        -0.22664186
 0.10509749         0.98903447        -0.10375608
 0.20783372         0.97805411        -0.01467460
 0.31767154         0.94653463        -0.05618569
 0.33616975         0.92355222        -0.18450241
 0.25132418         0.93136609        -0.26342627
-0.28959772         0.33791259         0.89551556
-0.40483743         0.28018397         0.87040430
-0.41989335         0.16089883         0.89319718
-0.31817836         0.08891600         0.94385201
-0.21271846         0.14307620         0.96658170
-0.19719845         0.27324358         0.94151515
-0.64939976         0.18016039        -0.73879772
-0.62619412         0.07434019        -0.77611500
-0.69074631        -0.03303780        -0.72234207
-0.77952707        -0.00847474        -0.62631118
-0.79907829         0.11876024        -0.58938086
-0.74373543         0.20269017        -0.63700414
-0.53268796        -0.84190518         0.08625142
-0.64467120        -0.75160658         0.13959414
-0.71899432        -0.69491082         0.01208066
-0.70287955        -0.70935500        -0.05268604
-0.59939224        -0.79341036        -0.10596760
-0.53044766        -0.84627867        -0.04937485
 0.77904606        -0.19019291         0.59742266
 0.83436197        -0.26538387         0.48312673
 0.88175911        -0.22893393         0.41241989
 0.91316271        -0.07990068         0.39968717
 0.88657504        -0.02025150         0.46214131
 0.80818874        -0.04495241         0.58720559
 0.44994572        -0.85661501         0.25250646
 0.55911988        -0.77234149         0.30145252
 0.55481166        -0.72713447         0.40430132
 0.45807815        -0.74479717         0.48522320
 0.27878562         0.48475999         0.82902741
 0.16363534         0.40236336         0.90073711
 0.17038177         0.30767858         0.93611109
 0.21235555         0.27025458         0.93907803
 0.35923412         0.27054012         0.89317352
 0.40916085         0.35031632         0.84253544
 0.34786123         0.46423706         0.81454074
 0.01838345        -0.80714434        -0.59006786
 0.01953280        -0.86812019        -0.49596962
-0.10282426        -0.89513659        -0.43377140
 0.80111521         0.50696450         0.31812155
 0.71862251         0.57495064         0.39116934
 0.68181849         0.52984107         0.50437289
 0.72796148         0.41556087         0.54532677
 0.81285608         0.34949830         0.46595702
 0.84758669         0.38488233         0.36532506
 0.05855509         0.50692058        -0.86000168
-0.06726897         0.42355967        -0.90336710
-0.17026362         0.45580581        -0.87364262
-0.19077273         0.55057955        -0.81269181
-0.07062528         0.63898838        -0.76596731
 0.02453179         0.60712028        -0.79423124
-0.91157705        -0.40757537        -0.05394024
-0.93072134        -0.35967591         0.06626484
-0.96782893        -0.23824592         0.08090742
-0.98563695        -0.16817008        -0.01544792
-0.96441132        -0.22118856        -0.14486684
-0.93224978        -0.32556400        -0.15785542
 0.75943941         0.63371181         0.14717756
 0.82068455         0.53879219         0.19020997
 0.87815696         0.46348634         0.11840907
 0.88083982         0.47340879        -0.00230147
 0.80102676         0.59491193        -0.06660302
 0.75302637         0.65771061        -0.01918312
 0.77860647         0.00763649         0.62746608
 0.68342185         0.00745536         0.72998565
 0.63149261        -0.07124076         0.77210224
 0.64011449        -0.16339110         0.75070423
 0.71998489        -0.22692129         0.65584177
 0.04155878         0.47923028         0.87670469
-0.05542951         0.44213796         0.89523268
-0.07448496         0.32232338         0.94369465
 0.01241434         0.25454688         0.96698076
-0.65206587        -0.14614926        -0.74394256
-0.55021071        -0.17001583        -0.81753457
-0.49740189        -0.27953085        -0.82125145
-0.55168539        -0.38328964        -0.74076462
-0.63973492        -0.36745858        -0.67506552
-0.70143789        -0.24920514        -0.66774368
-0.57489127        -0.74976701         0.32764250
-0.61640090        -0.64930713         0.44547752
-0.67876285        -0.59068412         0.43631795
-0.75758237        -0.56473577         0.32732615
-0.75675803        -0.60374051         0.25062856
-0.65387541        -0.72512656         0.21595931
-0.20257682         0.66653425         0.71742231
-0.13362429         0.62324333         0.77052730
 0.00100611         0.64975029         0.76014704
 0.03134838         0.74694866         0.66414231
-0.95643252         0.19904791         0.21358067
-0.98214340         0.14523162         0.11959163
-0.99398792         0.01544007         0.10839534
-0.97518921        -0.05710329         0.21388125
-0.94725752        -0.00401230         0.32044819
-0.93453228         0.12886561         0.33172739
 0.83536083         0.49063796        -0.24788468
 0.90454686         0.38845244        -0.17578323
 0.92438996         0.27499670        -0.26434848
 0.94462609         0.08147477        -0.31787339
 0.95313382         0.18932892        -0.23598802
 0.98039263         0.16128346        -0.11321671
-0.48308045        -0.06065950        -0.87347221
-0.36411184        -0.08527710        -0.92744297
-0.31862924        -0.19320233        -0.92798072
-0.38564661        -0.29980457        -0.87257886
-0.46696788        -0.49851197        -0.73036075
-0.50903523        -0.58547956        -0.63094920
-0.58890080        -0.57320023        -0.56976950
-0.67316782        -0.45662713        -0.58166718
 0.89320099        -0.44380251        -0.07232823
 0.90707827        -0.39309752        -0.15061016
 0.94600415        -0.31609818         0.07181915
 0.91542536        -0.39945883         0.04928515
-0.56114066         0.70571119        -0.43254238
-0.49245480         0.79271662        -0.35928902
-0.37838838         0.82945865        -0.41087788
-0.34269428         0.79864872        -0.49469280
-0.42599246         0.68819386        -0.58729851
-0.48782232         0.65808809        -0.57354116
-0.75461775        -0.43213353        -0.49377397
-0.76542056        -0.50711185        -0.39619303
-0.83472067        -0.46941680        -0.28790492
-0.88483435        -0.37225586        -0.28016749
-0.88133007        -0.28109083        -0.37979636
-0.81203520        -0.31688574        -0.49008393
 0.95894569        -0.05040166         0.27907488
 0.96356404         0.09743321         0.24910051
 0.92964935         0.16874023         0.32753456
 0.88966274         0.13913631         0.43490359
-0.10587495        -0.94241309        -0.31725082
-0.21658808        -0.94287258        -0.25314203
-0.32716244        -0.89346832        -0.30769968
 0.46069521         0.21148376        -0.86199456
 0.34227371         0.23852126        -0.90882134
-0.51968896         0.81276828        -0.26330814
-0.43168190         0.88609505        -0.16877919
-0.32343075         0.92184156        -0.21354319
-0.29028201         0.90278363        -0.31736109
 0.38246664         0.63785905        -0.66847223
 0.39313611         0.70995092        -0.58430612
 0.54288030         0.67399204        -0.50101471
 0.47046313         0.81719673         0.33294743
 0.48921004         0.84112233         0.23062225
 0.39306843         0.90753174         0.14792973
 0.28436592         0.93804616         0.19800358
 0.09614746         0.27526551        -0.95654827
-0.03478461         0.30394968        -0.95205277
 0.96398246         0.26525941        -0.01937030
 0.96502000         0.24807337         0.08482862
 0.98323822         0.12378617         0.13386445
 0.00398262         0.12678297         0.99192250
 0.11498036         0.05786748         0.99168074
 0.20575486         0.10239083         0.97323227
-0.96149194        -0.13111155        -0.24154305
-0.97479612        -0.02481918        -0.22171260
-0.94868535         0.06798168        -0.30882758
-0.90962285         0.05243183        -0.41211313
-0.88861138        -0.07763064        -0.45204341
-0.91507697        -0.17428696        -0.36367315
 0.61034781         0.08381604        -0.78768682
 0.50609022         0.10692452        -0.85582703
-0.96214443        -0.18528597         0.19986801
-0.91993946        -0.25520140         0.29763001
-0.10541652        -0.99247491        -0.06229722
-0.00315242        -0.99274111        -0.12022988
 0.11514112        -0.99162734        -0.05846203
 0.06561219        -0.26687279        -0.96149564
 0.19789684        -0.27826962        -0.93989515
 0.24205144        -0.40896320        -0.87986374
 0.17711374        -0.47467640        -0.86215603
-0.53808481         0.79488593         0.28039443
-0.65026581         0.69601434         0.30449694
-0.65452021         0.63331211         0.41293952
-0.57358897         0.65885305         0.48673233
-0.46307644         0.76171851         0.45315018
-0.45788109         0.80359125         0.38024470
 0.64796197        -0.62214351         0.43941194
 0.72798783        -0.58574790         0.35627672
 0.79858792        -0.47085270         0.37490663
 0.77827835        -0.40483847         0.47998807
 0.32708365        -0.07515010         0.94200253
 0.31301129         0.04956294         0.94845527
-0.52089399         0.04932299        -0.85219520
-0.43922314         0.15886039        -0.88422084
-0.32620031         0.13586882        -0.93548548
-0.28685531         0.02167298        -0.95772874
 0.23244213        -0.76181018         0.60466176
 0.11258317        -0.73990667         0.66322184
 0.01334772        -0.78680366         0.61705905
 0.01866620        -0.86207289         0.50644058
-0.58396113        -0.77169245        -0.25195253
-0.52702570        -0.79625303        -0.29702705
-0.41462040        -0.87487936        -0.25035197
-0.42192277        -0.90033722        -0.10664911
-0.09932917         0.72187477        -0.68485802
 0.00329290         0.78371763        -0.62110865
 0.14164574         0.74701130        -0.64954638
 0.15769373         0.68144864        -0.71467501
-0.19371577         0.73713619        -0.64738268
-0.22514541         0.81146884        -0.53928459
-0.13866416         0.86741477        -0.47787443
-0.02360492         0.85921043        -0.51107752
 0.18103085         0.97756082         0.10771556
 0.41468373         0.90958554         0.02629845
 0.33110288        -0.89570004        -0.29680362
 0.32564485        -0.84101856        -0.43202230
 0.45102164        -0.76596171        -0.45812905
 0.53711522        -0.76203758        -0.36167097
-0.78394252        -0.22554946        -0.57841301
-0.82469261        -0.10241172        -0.55623192
-0.97438157         0.22372393        -0.02298348
-0.98009640         0.17656448        -0.09075233
-0.99513310         0.02279851        -0.09586570
-0.99930120        -0.03673784        -0.00688876
 0.78878468         0.17441846         0.58940375
 0.71068931         0.23586391         0.66278887
 0.63556898         0.16360521         0.75451016
-0.23650695         0.23840919        -0.94192648
-0.11898185         0.21824193        -0.96861434
-0.07920501         0.09380396        -0.99243516
-0.15680565        -0.00177168        -0.98762786
-0.33311728        -0.94152355        -0.05065839
-0.32506132        -0.94381636         0.05954769
-0.44444424        -0.88182366         0.15765876
-0.31340277         0.65386784        -0.68864763
 0.32488930        -0.94446540        -0.04931552
 0.20575535        -0.97251618        -0.10898132
 0.20766838        -0.94435686        -0.25507638
 0.20849100        -0.59765738        -0.77416861
 0.12625216        -0.66196114        -0.73882872
 0.01846127        -0.63866472        -0.76926368
-0.17009707         0.91750449        -0.35951707
 0.97219861        -0.11605974         0.20337126
 0.94193655        -0.25658536         0.21660919
 0.91072220        -0.29775953         0.28622422
 0.85987413        -0.42441893         0.28369880
 0.85868216        -0.48759857         0.15783705
-0.81500667        -0.55269659        -0.17404200
-0.85722750        -0.51023418        -0.06944046
 0.79689312         0.56482345        -0.21432614
 0.70120293         0.65080816        -0.29114109
 0.66398036         0.69476753        -0.27645671
 0.64037913         0.74654013        -0.18053360
 0.69923210         0.71368831        -0.04151560
-0.10460904         0.07316610         0.99181837
-0.11415897        -0.05833544         0.99174833
-0.70997459        -0.01538917         0.70405912
-0.70592165         0.08800864         0.70280093
-0.77213037         0.16650642         0.61326212
-0.84488577         0.10250223         0.52503455
-0.00036628        -0.96619439        -0.25781453
-0.21667135        -0.96832037        -0.12413338
 0.80571324        -0.57594210         0.13826391
 0.78188783        -0.62329358         0.01251108
 0.82373422        -0.56130725        -0.07997598
-0.22297715        -0.24310620         0.94402355
-0.32187527        -0.29004759         0.90125954
-0.32217059        -0.41688055         0.84995109
-0.22654459        -0.48054633         0.84720290
-0.22609197         0.96711493        -0.11649532
-0.11221512         0.98157531        -0.15465355
-0.07788079         0.95656937        -0.28090850
-0.65533829         0.64463705        -0.39366841
-0.69951862         0.54438460        -0.46294603
-0.79356879         0.46121517        -0.39689943
-0.82581729         0.48520178        -0.28741089
-0.77830154         0.58575141        -0.22614582
-0.69697165         0.66245353        -0.27456480
-0.69785804        -0.46848318         0.54177278
-0.79243904        -0.37945068         0.47755370
-0.83013886        -0.43276030         0.35155079
-0.32622299        -0.40132955        -0.85586983
-0.38574901        -0.50439274        -0.77251899
-0.85203916         0.31193724         0.42038620
-0.79477829         0.34459737         0.49957994
-0.72434133         0.47527546         0.49944267
-0.72559530         0.54061544         0.42573050
 0.83590317         0.20350562         0.50975627
 0.67934406         0.35787636         0.64063728
-0.36876675         0.74836379         0.55132800
-0.39481530         0.65674567         0.64249980
-0.33668220         0.62140226         0.70746326
-0.01033596         0.99792564        -0.06354269
-0.03860612         0.99768955         0.05590316
 0.06529929         0.98641306         0.15074864
 0.41433799         0.13107368         0.90063518
 0.51017988         0.85986006        -0.01889866
 0.52146280         0.83848304        -0.15818593
 0.46251631         0.85922319        -0.21866475
 0.13004977         0.15547684        -0.97924161
 0.05904260         0.07025342        -0.99578035
-0.74119943         0.32868785        -0.58530980
-0.68122882         0.39772949        -0.61460441
-0.58368909         0.37785617        -0.71870136
-0.56908363         0.29040539        -0.76929092
-0.21667823        -0.11206915         0.96978921
 0.53091705        -0.84543997         0.05795175
 0.44684717        -0.88241798         0.14719427
 0.32009083        -0.94322473         0.08870737
-0.53845942         0.58619589         0.60533935
-0.56839675         0.51971990         0.63782161
-0.46507576         0.45494896         0.75942487
-0.36310813         0.51328188         0.77762079
-0.62586093        -0.09409860         0.77423751
-0.52824819        -0.01705309         0.84891874
-0.52564132         0.09474605         0.84541374
-0.60755771         0.15995704         0.77800214
 0.58572060         0.58170271         0.56440538
 0.52708918         0.51644009         0.67488271
 0.57955688         0.40646073         0.70633107
-0.83422142         0.55028021        -0.03558453
-0.90669531         0.40779769        -0.10772534
-0.94614172         0.32354236        -0.01167225
-0.32991469         0.87931830         0.34344679
-0.31368884         0.91675681         0.24729790
-0.39565936         0.90543127         0.15377852
-0.52401370         0.83187509         0.18273918
 0.46257871         0.81401616        -0.35128137
 0.37347016         0.83168852        -0.41087019
 0.26636338         0.88782471        -0.37525690
-0.75349146        -0.63186389        -0.18165527
-0.68667752        -0.66912103        -0.28416720
 0.53016251        -0.27555466         0.80187112
 0.45084837        -0.24904352         0.85715407
 0.34541145        -0.32862997         0.87902981
 0.33259395        -0.40018028         0.85395372
 0.42211691        -0.49190539         0.76147646
-0.52326512        -0.65302199         0.54749978
-0.52549362        -0.57592219         0.62623489
-0.64126962        -0.45325872         0.61913639
-0.27804852         0.36198232        -0.88975161
 0.02572292        -0.13841777        -0.99003983
 0.09569546        -0.05276892        -0.99401098
 0.23563994        -0.07525847        -0.96892208
 0.27206343        -0.18874721        -0.94358683
-0.65811813         0.51439840        -0.54979521
-0.53222597         0.58656657        -0.61047113
-0.48772720         0.49281082        -0.72059673
-0.89200687         0.17468046         0.41690567
-0.22256589        -0.59276581         0.77401102
-0.10890743        -0.64941216         0.75259751
-0.00990376        -0.60573262         0.79560667
 0.43679383         0.00109822        -0.89956093
 0.30873948         0.02698100        -0.95076394
 0.27203470         0.12622754        -0.95397264
 0.51799625         0.68634200         0.51050431
 0.55216789         0.72966754         0.40335578
-0.75092930         0.26699370         0.60400301
-0.65753746         0.33029690         0.67716199
-0.62603480         0.47296163         0.61999005
-0.94610488         0.21424058        -0.24287142
-0.92394710         0.27111763        -0.26984605
-0.86340714         0.27575022        -0.42248073
-0.86858290         0.13683742        -0.47627646
-0.68675154        -0.61758506        -0.38335502
-0.61015320        -0.64112025        -0.46548682
-0.50139552        -0.74900919        -0.43311390
-0.88136011        -0.38233840         0.27752787
 0.14586981        -0.74949479        -0.64573950
 0.23694670        -0.76773328        -0.59535021
 0.25186825        -0.83725631        -0.48534957
 0.11663815        -0.89236546        -0.43598095
-0.59435076         0.28376740         0.75247812
-0.26876339         0.45857269         0.84704030
-0.15993695         0.50512499         0.84809726
 0.73086530        -0.63907140         0.23963226
 0.91885805         0.38636830        -0.08012111
 0.26307148         0.61366320        -0.74445337
 0.20777126         0.78697485        -0.58094901
 0.35413638         0.75076908        -0.55761391
 0.51969373         0.32734862         0.78915226
 0.57675314         0.18414597         0.79589319
-0.46971062         0.26864213        -0.84095383
-0.36896899         0.37550792        -0.85020918
-0.42204967        -0.73341328         0.53289682
 0.16223152         0.87393057        -0.45817721
 0.07090396         0.89441639        -0.44157892
 0.03263696         0.94990569        -0.31082791
-0.46125162         0.88534927        -0.05833941
-0.63218057         0.75040299        -0.19298488
-0.80317897         0.59242898        -0.06270229
-0.89612585         0.39096782        -0.21000612
 0.77131575        -0.59651899        -0.22189444
 0.80550873        -0.50604504        -0.30834073
 0.85031188        -0.43586633        -0.29494113
-0.40915844         0.49517184        -0.76641643
 0.10783406        -0.64575207         0.75589424
 0.20129484        -0.58771235         0.78362912
 0.19583018        -0.47696942         0.85682601
-0.82107168         0.34156746        -0.45735437
 0.47044882        -0.10951549        -0.87560505
 0.20125887         0.60249168         0.77233326
 0.43678382         0.54972792         0.71205270
 0.06885186         0.59535158         0.80050975
 0.03616889         0.96356726         0.26500925
-0.31132135         0.58364093        -0.74996156
-0.11542241        -0.11785248        -0.98630035
-0.18639164        -0.21537258        -0.95857853
-0.61827838        -0.18083739         0.76487231
-0.51563954        -0.26332369         0.81533831
-0.42914829        -0.21747676         0.87666160
-0.42509285        -0.09306291         0.90035295
 0.39688486        -0.20625463        -0.89439446
 0.31750441        -0.60983557         0.72614849
-0.37058768         0.92802536         0.03786484
-0.25775442         0.96621042         0.00008585
-0.15891349         0.98246622         0.09750172
-0.18404472         0.96052200         0.20862624
-0.08720209         0.94882536         0.30352306
-0.10535309        -0.74611998         0.65742362
 0.64801693        -0.73326969         0.20588721
 0.63568765        -0.76536167         0.10061165
 0.70635569        -0.70785350        -0.00224983
 0.43508294        -0.11816051         0.89260346
 0.52198780        -0.03303771         0.85231292
 0.49063447         0.10562137         0.86494046
 0.71031851        -0.66456795        -0.23194213
 0.63004529        -0.68333483        -0.36891249
 0.65217966        -0.60874534        -0.45176411
 0.72763127        -0.52348924        -0.44329652
 0.89120692         0.10509261        -0.44125473
 0.90607619         0.31248945         0.28526536
 0.92523652         0.33795363         0.17240825
 0.44304854        -0.67981535         0.58443063
 0.33811837        -0.67936283         0.65126199
 0.34642646        -0.40751436        -0.84493834
 0.39626846        -0.53396618        -0.74689454
 0.34547034        -0.59656596        -0.72440267
-0.32926065        -0.03897868         0.94343424
 0.73914790        -0.42201847        -0.52493888
 0.82292628        -0.31831491        -0.47060382
 0.86704808        -0.32708097        -0.37582657
 0.54347789         0.74641776        -0.38404739
 0.65497416        -0.74334639        -0.13581212
-0.08781403        -0.88991320         0.44759715
-0.19945358        -0.84872174         0.48978525
 0.42566314        -0.31967908        -0.84653187
 0.65526861         0.67628592         0.33654183
 0.67424065         0.70596945         0.21681046
 0.59846556         0.78603238         0.15489358
-0.43073609        -0.55325913         0.71300125
-0.43422014        -0.45132264         0.77959007
-0.51362151        -0.37837258         0.77008259
-0.63402194        -0.40401042         0.65938741
 0.59943205         0.79864544         0.05335477
 0.11902680        -0.94248825        -0.31232756
-0.72594774         0.66229206         0.18538898
-0.89001453        -0.42537987         0.16409175
-0.81980336        -0.55740118         0.13124941
-0.69775236        -0.26443914         0.66574287
-0.32597119        -0.62737060         0.70721203
-0.31797385        -0.71379310         0.62401289
-0.20400029        -0.77513880         0.59794968
 0.55818146        -0.60505873        -0.56774771
 0.45625043        -0.69005829        -0.56183189
 0.36422455        -0.68164659        -0.63458526
-0.49240276         0.34537822         0.79890770
-0.80974478        -0.58382374         0.05884863
